asdhasi
211,31
420.44
218,29
346.69
123,89
287.42
458,51
421.95
297,97
453.62
393,16
310.80
128,40
	70.98
456,09
296.00
188,17	
44.28
184,30
332.12
404,79
386.53
328,67
53.10
147,19
38.37
395,91
487.61
459,21
129.32
	391,03
414.73
138,27
481.36
440,44
261.76
268,90
399.59
183,71
66.05
352,01
76.18
376,69
333.60	
278,86
335.33
378,24
462.25
aslkdfjaios
167,85
282.47
349,55
495.88
497,20
33.83
230,56
484.70
492,14
360.64
407,45
498.06
357,35
347.38
		260,94
126.26
246,50
443.87
192,34
99.13
122222222
20,72
69.49
80,82
402.52			
358,02
3.11
280,84
321.08
170,07
63.77
	165,66
199.48
130,96
330.44
27,54
135.10
107,85
355.83
307,66
351.48
194,15
kkkkkkkkk
193.43
204,58
	294.54
213,74
274.46
374,68
381.65
a
176,99
233.31
384,93
457.39